---------------------------
Data Set: Mislabeled-Big
Vanilla Training: 8133 ham and 8584 spam.
Testing: 6000 ham and 6000 spam.
Pollution Training: 2400 ham and 2400 spam.
---------------------------


Cluster Pollution Rates:
---------------------------
      Cluster 1       Cluster 2       Cluster 3       Cluster 4       Cluster 5       Cluster 6       Cluster 7       Cluster 8       Cluster 9       Cluster 10      Cluster 11      Cluster 12      Cluster 13      Cluster 14      Cluster 15      Cluster 16      Cluster 17      Cluster 18      Cluster 19      Cluster 20      Cluster 21      Cluster 22      Cluster 23      Cluster 24      Cluster 25      Cluster 26      Cluster 27      Cluster 28      Cluster 29      Cluster 30      Cluster 31      Cluster 32      Cluster 33      Cluster 34      Cluster 35      
0     0               0               0               0               0               0               0               0               0               0               0               0               0               0               0               0               0               0               0               0               0               0               0               0               0               0               0               0               0               0               0               0               0               0               0               
50    0.0             0.2                                             0.28            0.0                             0.16            0.8             0.68            0.56            0.58            0.62            0.34            0.76            0.48            0.92            0.16            0.96            0.78            0.82            1.0             0.96            0.12                                            0.02            0.24                            0.18            0.12            0.0             0.0                                             
100   0.0             0.29                                            0.21            0.35                            0.31                                                            0.29            0.54            0.34            0.88            0.43            0.58            0.2             0.78            0.43            0.68            0.97            0.77            0.11                                                            0.2                                             0.12            0.0             0.0                                             
150                                                                                                                   0.54                                                            0.213333333333                                                  0.286666666667  0.72            0.2             0.653333333333  0.593333333333  0.453333333333  0.98            0.693333333333                                                                  0.133333333333                                  0.08            0.0                                                             
200                                                                                                                                                                                   0.41                                                            0.345           0.54            0.25            0.57            0.695           0.445           0.985           0.77                                                                            0.25                                            0.165           0.0                                                             
250                                                                                                                                                                                                                                                   0.476           0.432           0.284                           0.736           0.556           0.948           0.632                                                                                                                                                                                                           
300                                                                                                                                                                                                                                                                   0.36            0.236666666667                                  0.63            0.906666666667  0.676666666667                                                                                                                                                                                                  
350                                                                                                                                                                                                                                                                   0.308571428571  0.311428571429                                  0.682857142857  0.92            0.688571428571                                                                                                                                                                                                  
400                                                                                                                                                                                                                                                                   0.27            0.3025                                                          0.92            0.6025                                                                                                                                                                                                          
450                                                                                                                                                                                                                                                                   0.315555555556  0.268888888889                                                                  0.56                                                                                                                                                                                                            
500                                                                                                                                                                                                                                                                   0.384           0.242                                                                           0.604                                                                                                                                                                                                           
550                                                                                                                                                                                                                                                                   0.44            0.309090909091                                                                  0.64                                                                                                                                                                                                            
600                                                                                                                                                                                                                                                                                                                                                                   0.648333333333                                                                                                                                                                                                  
650                                                                                                                                                                                                                                                                                                                                                                   0.598461538462                                                                                                                                                                                                  
700                                                                                                                                                                                                                                                                                                                                                                   0.555714285714                                                                                                                                                                                                  
750                                                                                                                                                                                                                                                                                                                                                                   0.518666666667                                                                                                                                                                                                  
800                                                                                                                                                                                                                                                                                                                                                                   0.48625                                                                                                                                                                                                         
850                                                                                                                                                                                                                                                                                                                                                                   0.457647058824                                                                                                                                                                                                  
900                                                                                                                                                                                                                                                                                                                                                                   0.435555555556                                                                                                                                                                                                  
950                                                                                                                                                                                                                                                                                                                                                                   0.465263157895                                                                                                                                                                                                  
1000                                                                                                                                                                                                                                                                                                                                                                  0.492                                                                                                                                                                                                           
1050                                                                                                                                                                                                                                                                                                                                                                  0.51619047619                                                                                                                                                                                                   
1100                                                                                                                                                                                                                                                                                                                                                                  0.538181818182                                                                                                                                                                                                  
1150                                                                                                                                                                                                                                                                                                                                                                  0.558260869565                                                                                                                                                                                                  
1200                                                                                                                                                                                                                                                                                                                                                                  0.535833333333                                                                                                                                                                                                  
1250                                                                                                                                                                                                                                                                                                                                                                  0.5144                                                                                                                                                                                                          
1300                                                                                                                                                                                                                                                                                                                                                                  0.494615384615                                                                                                                                                                                                  
1350                                                                                                                                                                                                                                                                                                                                                                  0.476296296296                                                                                                                                                                                                  
1400                                                                                                                                                                                                                                                                                                                                                                  0.459285714286                                                                                                                                                                                                  
1450                                                                                                                                                                                                                                                                                                                                                                  0.443448275862                                                                                                                                                                                                  
1500                                                                                                                                                                                                                                                                                                                                                                  0.428666666667                                                                                                                                                                                                  
1550                                                                                                                                                                                                                                                                                                                                                                  0.414838709677                                                                                                                                                                                                  
1600                                                                                                                                                                                                                                                                                                                                                                  0.401875                                                                                                                                                                                                        
1650                                                                                                                                                                                                                                                                                                                                                                  0.389696969697                                                                                                                                                                                                  
1700                                                                                                                                                                                                                                                                                                                                                                  0.378235294118                                                                                                                                                                                                  
1750                                                                                                                                                                                                                                                                                                                                                                  0.367428571429                                                                                                                                                                                                  
1800                                                                                                                                                                                                                                                                                                                                                                  0.357222222222                                                                                                                                                                                                  
1850                                                                                                                                                                                                                                                                                                                                                                  0.347567567568                                                                                                                                                                                                  
1900                                                                                                                                                                                                                                                                                                                                                                  0.348421052632                                                                                                                                                                                                  
1950                                                                                                                                                                                                                                                                                                                                                                  0.365128205128                                                                                                                                                                                                  
2000                                                                                                                                                                                                                                                                                                                                                                  0.381                                                                                                                                                                                                           
2050                                                                                                                                                                                                                                                                                                                                                                  0.396097560976                                                                                                                                                                                                  
2100                                                                                                                                                                                                                                                                                                                                                                  0.410476190476                                                                                                                                                                                                  
2150                                                                                                                                                                                                                                                                                                                                                                  0.424186046512                                                                                                                                                                                                  
2200                                                                                                                                                                                                                                                                                                                                                                  0.437272727273                                                                                                                                                                                                  
2250                                                                                                                                                                                                                                                                                                                                                                  0.449777777778                                                                                                                                                                                                  
2300                                                                                                                                                                                                                                                                                                                                                                  0.461739130435                                                                                                                                                                                                  
2350                                                                                                                                                                                                                                                                                                                                                                  0.468510638298                                                                                                                                                                                                  
2400                                                                                                                                                                                                                                                                                                                                                                  0.45875                                                                                                                                                                                                         
2450                                                                                                                                                                                                                                                                                                                                                                  0.449387755102                                                                                                                                                                                                  
2500                                                                                                                                                                                                                                                                                                                                                                  0.4404                                                                                                                                                                                                          
2550                                                                                                                                                                                                                                                                                                                                                                  0.431764705882                                                                                                                                                                                                  
2600                                                                                                                                                                                                                                                                                                                                                                  0.423461538462                                                                                                                                                                                                  
2650                                                                                                                                                                                                                                                                                                                                                                  0.415471698113                                                                                                                                                                                                  
2700                                                                                                                                                                                                                                                                                                                                                                  0.407777777778                                                                                                                                                                                                  
2750                                                                                                                                                                                                                                                                                                                                                                  0.400363636364                                                                                                                                                                                                  
2800                                                                                                                                                                                                                                                                                                                                                                  0.393214285714                                                                                                                                                                                                  
2850                                                                                                                                                                                                                                                                                                                                                                  0.386315789474                                                                                                                                                                                                  
2900                                                                                                                                                                                                                                                                                                                                                                  0.379655172414                                                                                                                                                                                                  
2950                                                                                                                                                                                                                                                                                                                                                                  0.373220338983                                                                                                                                                                                                  
3000                                                                                                                                                                                                                                                                                                                                                                  0.367                                                                                                                                                                                                           
3050                                                                                                                                                                                                                                                                                                                                                                  0.360983606557                                                                                                                                                                                                  
3100                                                                                                                                                                                                                                                                                                                                                                  0.355161290323                                                                                                                                                                                                  
3150                                                                                                                                                                                                                                                                                                                                                                  0.349523809524                                                                                                                                                                                                  
3200                                                                                                                                                                                                                                                                                                                                                                  0.3440625                                                                                                                                                                                                       
3250                                                                                                                                                                                                                                                                                                                                                                  0.338769230769                                                                                                                                                                                                  
3300                                                                                                                                                                                                                                                                                                                                                                  0.333636363636                                                                                                                                                                                                  
3350                                                                                                                                                                                                                                                                                                                                                                  0.328656716418                                                                                                                                                                                                  
3400                                                                                                                                                                                                                                                                                                                                                                  0.323823529412                                                                                                                                                                                                  
3450                                                                                                                                                                                                                                                                                                                                                                  0.319130434783                                                                                                                                                                                                  
3500                                                                                                                                                                                                                                                                                                                                                                  0.314571428571                                                                                                                                                                                                  
3550                                                                                                                                                                                                                                                                                                                                                                  0.31014084507                                                                                                                                                                                                   
3600                                                                                                                                                                                                                                                                                                                                                                  0.305833333333                                                                                                                                                                                                  
3650                                                                                                                                                                                                                                                                                                                                                                  0.301643835616                                                                                                                                                                                                  
3700                                                                                                                                                                                                                                                                                                                                                                  0.297567567568                                                                                                                                                                                                  
3750                                                                                                                                                                                                                                                                                                                                                                  0.2936                                                                                                                                                                                                          
3800                                                                                                                                                                                                                                                                                                                                                                  0.289736842105                                                                                                                                                                                                  
3850                                                                                                                                                                                                                                                                                                                                                                  0.285974025974                                                                                                                                                                                                  
3900                                                                                                                                                                                                                                                                                                                                                                  0.289487179487                                                                                                                                                                                                  
3950                                                                                                                                                                                                                                                                                                                                                                  0.298481012658                                                                                                                                                                                                  
4000                                                                                                                                                                                                                                                                                                                                                                  0.30725                                                                                                                                                                                                         
4050                                                                                                                                                                                                                                                                                                                                                                  0.315802469136                                                                                                                                                                                                  
4100                                                                                                                                                                                                                                                                                                                                                                  0.324146341463                                                                                                                                                                                                  
4150                                                                                                                                                                                                                                                                                                                                                                  0.332289156627                                                                                                                                                                                                  
4200                                                                                                                                                                                                                                                                                                                                                                  0.340238095238                                                                                                                                                                                                  
4250                                                                                                                                                                                                                                                                                                                                                                  0.348                                                                                                                                                                                                           
4300                                                                                                                                                                                                                                                                                                                                                                  0.355581395349                                                                                                                                                                                                  
4350                                                                                                                                                                                                                                                                                                                                                                  0.362988505747                                                                                                                                                                                                  
4400                                                                                                                                                                                                                                                                                                                                                                  0.370227272727                                                                                                                                                                                                  
4450                                                                                                                                                                                                                                                                                                                                                                  0.377303370787                                                                                                                                                                                                  
4500                                                                                                                                                                                                                                                                                                                                                                  0.377777777778                                                                                                                                                                                                  
4550                                                                                                                                                                                                                                                                                                                                                                  0.373626373626                                                                                                                                                                                                  
4600                                                                                                                                                                                                                                                                                                                                                                  0.369565217391                                                                                                                                                                                                  
4650                                                                                                                                                                                                                                                                                                                                                                  0.365591397849                                                                                                                                                                                                  
4700                                                                                                                                                                                                                                                                                                                                                                  0.36170212766                                                                                                                                                                                                   
4750                                                                                                                                                                                                                                                                                                                                                                  0.357894736842                                                                                                                                                                                                  
4800                                                                                                                                                                                                                                                                                                                                                                  0.354166666667                                                                                                                                                                                                  
4850                                                                                                                                                                                                                                                                                                                                                                  0.350515463918                                                                                                                                                                                                  
4900                                                                                                                                                                                                                                                                                                                                                                  0.34693877551                                                                                                                                                                                                   
4950                                                                                                                                                                                                                                                                                                                                                                  0.343434343434                                                                                                                                                                                                  
5000                                                                                                                                                                                                                                                                                                                                                                  0.34                                                                                                                                                                                                            
5050                                                                                                                                                                                                                                                                                                                                                                  0.336633663366                                                                                                                                                                                                  
5100                                                                                                                                                                                                                                                                                                                                                                  0.333333333333                                                                                                                                                                                                  
5150                                                                                                                                                                                                                                                                                                                                                                  0.330097087379                                                                                                                                                                                                  
5200                                                                                                                                                                                                                                                                                                                                                                  0.326923076923                                                                                                                                                                                                  
5250                                                                                                                                                                                                                                                                                                                                                                  0.32380952381                                                                                                                                                                                                   
5300                                                                                                                                                                                                                                                                                                                                                                  0.320754716981                                                                                                                                                                                                  
5350                                                                                                                                                                                                                                                                                                                                                                  0.317757009346                                                                                                                                                                                                  
5400                                                                                                                                                                                                                                                                                                                                                                  0.314814814815                                                                                                                                                                                                  
5450                                                                                                                                                                                                                                                                                                                                                                  0.311926605505                                                                                                                                                                                                  
5500                                                                                                                                                                                                                                                                                                                                                                  0.309090909091                                                                                                                                                                                                  
5550                                                                                                                                                                                                                                                                                                                                                                  0.306306306306                                                                                                                                                                                                  
5600                                                                                                                                                                                                                                                                                                                                                                  0.303571428571                                                                                                                                                                                                  
5650                                                                                                                                                                                                                                                                                                                                                                  0.300884955752                                                                                                                                                                                                  
5700                                                                                                                                                                                                                                                                                                                                                                  0.298245614035                                                                                                                                                                                                  
5750                                                                                                                                                                                                                                                                                                                                                                  0.295652173913                                                                                                                                                                                                  
5800                                                                                                                                                                                                                                                                                                                                                                  0.293103448276                                                                                                                                                                                                  
5850                                                                                                                                                                                                                                                                                                                                                                  0.290598290598                                                                                                                                                                                                  
5900                                                                                                                                                                                                                                                                                                                                                                  0.28813559322                                                                                                                                                                                                   
5950                                                                                                                                                                                                                                                                                                                                                                  0.285714285714                                                                                                                                                                                                  
6000                                                                                                                                                                                                                                                                                                                                                                  0.283333333333                                                                                                                                                                                                  
6050                                                                                                                                                                                                                                                                                                                                                                  0.280991735537                                                                                                                                                                                                  
6100                                                                                                                                                                                                                                                                                                                                                                  0.27868852459                                                                                                                                                                                                   
6150                                                                                                                                                                                                                                                                                                                                                                  0.276422764228                                                                                                                                                                                                  
6200                                                                                                                                                                                                                                                                                                                                                                  0.274193548387                                                                                                                                                                                                  
6250                                                                                                                                                                                                                                                                                                                                                                  0.272                                                                                                                                                                                                           
6300                                                                                                                                                                                                                                                                                                                                                                  0.269841269841                                                                                                                                                                                                  
6350                                                                                                                                                                                                                                                                                                                                                                  0.267716535433                                                                                                                                                                                                  
6400                                                                                                                                                                                                                                                                                                                                                                  0.265625                                                                                                                                                                                                        
6450                                                                                                                                                                                                                                                                                                                                                                  0.263565891473                                                                                                                                                                                                  
6500                                                                                                                                                                                                                                                                                                                                                                  0.261538461538                                                                                                                                                                                                  
6550                                                                                                                                                                                                                                                                                                                                                                  0.259541984733                                                                                                                                                                                                  
6600                                                                                                                                                                                                                                                                                                                                                                  0.257575757576                                                                                                                                                                                                  
6650                                                                                                                                                                                                                                                                                                                                                                  0.255639097744                                                                                                                                                                                                  
6700                                                                                                                                                                                                                                                                                                                                                                  0.253731343284                                                                                                                                                                                                  
6750                                                                                                                                                                                                                                                                                                                                                                  0.25762962963                                                                                                                                                                                                   
6800                                                                                                                                                                                                                                                                                                                                                                  0.263088235294                                                                                                                                                                                                  
6850                                                                                                                                                                                                                                                                                                                                                                  0.268467153285                                                                                                                                                                                                  
6900                                                                                                                                                                                                                                                                                                                                                                  0.273768115942                                                                                                                                                                                                  
6950                                                                                                                                                                                                                                                                                                                                                                  0.278992805755                                                                                                                                                                                                  
7000                                                                                                                                                                                                                                                                                                                                                                  0.284142857143                                                                                                                                                                                                  
7050                                                                                                                                                                                                                                                                                                                                                                  0.289219858156                                                                                                                                                                                                  
7100                                                                                                                                                                                                                                                                                                                                                                  0.290985915493                                                                                                                                                                                                  
7150                                                                                                                                                                                                                                                                                                                                                                  0.288951048951                                                                                                                                                                                                  
7200                                                                                                                                                                                                                                                                                                                                                                  0.286944444444                                                                                                                                                                                                  
7250                                                                                                                                                                                                                                                                                                                                                                  0.284965517241                                                                                                                                                                                                  
7300                                                                                                                                                                                                                                                                                                                                                                  0.28301369863                                                                                                                                                                                                   
7350                                                                                                                                                                                                                                                                                                                                                                  0.281088435374                                                                                                                                                                                                  
